0  0  172  273  0.98022  0  74  234  196  78  7.01271  3503.33  -1  -1  0  0  0  0  0  0  0  0  0  
1  0  178  275  0.971436  0  81  236  194  78  6.91286  3865.19  -1  -1  0  0  0  0  0  0  0  0  0  
2  0  183  277  0.972545  0  86  238  195  78  7.6051  4107.03  -1  -1  0  0  0  0  0  0  0  0  0  
3  0  187  278  0.990132  0  88  239  198  79  8.07709  4338.42  -1  -1  0  0  0  0  0  0  0  0  0  
4  0  188  281  1.00483  0  88  241  201  80  8.54808  4483.23  -1  -1  0  0  0  0  0  0  0  0  0  
5  0  191  280  0.996096  0  92  240  199  80  7.54569  3934.19  -1  -1  0  0  0  0  0  0  0  0  0  
6  0  189  282  0.981173  0  91  243  196  78  9.43953  4826  -1  -1  0  0  0  0  0  0  0  0  0  
7  0  194  284  0.984181  0  96  245  197  79  9.76725  5643.11  -1  -1  0  0  0  0  0  0  0  0  0  
8  0  196  287  1.0023  0  96  247  200  80  9.74378  5899.87  -1  -1  0  0  0  0  0  0  0  0  0  
9  0  201  288  1.00874  0  100  248  202  81  10.0353  5777.15  -1  -1  0  0  0  0  0  0  0  0  0  
10  0  207  288  1.01942  0  105  247  204  82  11.2551  6290.31  -1  -1  0  0  0  0  0  0  0  0  0  
11  0  212  289  0.995916  0  113  249  199  80  9.51374  5735.74  -1  -1  0  0  0  0  0  0  0  0  0  
12  0  217  289  0.994271  0  118  249  199  80  9.84918  6379  -1  -1  0  0  0  0  0  0  0  0  0  
13  0  224  287  0.990225  0  125  248  198  79  7.99966  5595.22  -1  -1  0  0  0  0  0  0  0  0  0  
14  0  230  285  0.988731  0  131  246  198  79  8.51996  5580.59  -1  -1  0  0  0  0  0  0  0  0  0  
15  0  235  283  1.01391  0  134  243  203  81  8.69917  5399.01  -1  -1  0  0  0  0  0  0  0  0  0  
16  0  241  280  0.978945  0  143  241  196  78  7.82372  4811.62  -1  -1  0  0  0  0  0  0  0  0  0  
17  0  246  278  1.01361  0  145  238  203  81  7.84124  4961.88  -1  -1  0  0  0  0  0  0  0  0  0  
18  0  254  274  1.01257  0  153  234  203  81  7.50878  4432.06  -1  -1  0  0  0  0  0  0  0  0  0  
19  0  262  272  0.996149  0  163  232  199  80  7.48966  4497.55  -1  -1  0  0  0  0  0  0  0  0  0  
20  0  273  270  1.0104  0  172  230  202  81  6.95212  4371.14  -1  -1  0  0  0  0  0  0  0  0  0  
21  0  287  270  0.996644  0  188  230  199  80  7.39366  4420.67  -1  -1  0  0  0  0  0  0  0  0  0  
22  0  302  268  0.993096  0  203  229  199  79  7.85338  4426.05  -1  -1  0  0  0  0  0  0  0  0  0  
23  0  316  267  0.987432  0  218  228  197  79  7.67753  4508.07  -1  -1  0  0  0  0  0  0  0  0  0  
23  1  73  281  1.3883  0  -66  226  278  111  1.16251  672.8  -1  -1  0  0  0  0  0  0  0  0  0  
24  0  331  266  0.980602  0  233  227  196  78  7.48033  3532.09  -1  -1  0  0  0  0  0  0  0  0  0  
25  0  343  266  1.01358  0  242  226  203  81  6.77468  3235.91  -1  -1  0  0  0  0  0  0  0  0  0  
26  0  355  266  1.00935  0  254  226  202  81  8.16447  3792.45  -1  -1  0  0  0  0  0  0  0  0  0  
26  1  93  284  1.50361  0  -57  224  301  120  1.12703  673.744  -1  -1  0  0  0  0  0  0  0  0  0  
27  0  368  266  0.99297  0  269  227  199  79  6.35696  2985.56  -1  -1  0  0  0  0  0  0  0  0  0  
27  1  156  274  1.36289  0  20  220  273  109  1.42495  825.457  -1  -1  0  0  0  0  0  0  0  0  0  
28  0  377  269  0.98952  0  278  230  198  79  6.53863  3102.22  -1  -1  0  0  0  0  0  0  0  0  0  
29  0  386  272  1.00023  0  286  232  200  80  6.71203  2979.64  -1  -1  0  0  0  0  0  0  0  0  0  
29  1  144  284  1.38891  0  5  229  278  111  1.15225  948.117  -1  -1  0  0  0  0  0  0  0  0  0  
30  0  399  271  1.01471  0  298  231  203  81  5.82278  3804.48  -1  -1  0  0  0  0  0  0  0  0  0  
30  1  234  281  1.32108  0  102  228  264  106  1.13386  687.869  -1  -1  0  0  0  0  0  0  0  0  0  
31  0  405  271  1.00737  0  305  231  201  81  6.71841  3340.34  -1  -1  0  0  0  0  0  0  0  0  0  
32  0  415  273  0.998298  0  315  233  200  80  6.50081  3387.12  -1  -1  0  0  0  0  0  0  0  0  0  
33  0  424  275  0.971941  0  327  236  194  78  5.69535  3143.19  -1  -1  0  0  0  0  0  0  0  0  0  
34  0  433  276  0.993899  0  334  236  199  80  7.05469  3817.49  -1  -1  0  0  0  0  0  0  0  0  0  
34  1  154  286  1.37906  0  16  231  276  110  1.1044  843.204  -1  -1  0  0  0  0  0  0  0  0  0  
35  0  443  275  0.993411  0  344  236  199  79  6.1028  3496.41  -1  -1  0  0  0  0  0  0  0  0  0  
36  0  455  273  0.977138  0  358  234  195  78  5.81389  3696.02  -1  -1  0  0  0  0  0  0  0  0  0  
36  1  175  285  1.30131  0  45  233  260  104  1.15467  867.862  -1  -1  0  0  0  0  0  0  0  0  0  
37  0  462  277  0.988977  0  363  238  198  79  5.64573  3770.35  -1  -1  0  0  0  0  0  0  0  0  0  
37  1  194  284  1.37419  0  57  229  275  110  1.18201  768.684  -1  -1  0  0  0  0  0  0  0  0  0  
38  0  468  281  0.991318  0  369  242  198  79  7.96449  4703.94  -1  -1  0  0  0  0  0  0  0  0  0  
38  1  245  276  1.50281  0  95  216  301  120  1.23049  802.649  -1  -1  0  0  0  0  0  0  0  0  0  
39  0  470  282  0.991337  0  371  243  198  79  7.6928  4814.93  -1  -1  0  0  0  0  0  0  0  0  0  
39  1  104  349  0.608416  0  43  325  122  49  1.26422  877.814  -1  -1  0  0  0  0  0  0  0  0  0  
39  2  273  278  1.48774  0  124  219  298  119  1.18876  810.128  -1  -1  0  0  0  0  0  0  0  0  0  
40  0  466  285  1.01376  0  365  245  203  81  8.38531  5275.19  -1  -1  0  0  0  0  0  0  0  0  0  
40  1  256  283  1.49724  0  107  223  299  120  1.12444  694.461  -1  -1  0  0  0  0  0  0  0  0  0  
41  0  455  287  1.00083  0  355  247  200  80  8.6491  5324.52  -1  -1  0  0  0  0  0  0  0  0  0  
41  1  134  304  1.34247  0  0  251  268  107  1.32593  669.339  -1  -1  0  0  0  0  0  0  0  0  0  
42  0  436  289  1.01695  0  335  249  203  81  6.72084  4230.59  -1  -1  0  0  0  0  0  0  0  0  0  
43  0  415  291  0.995078  0  316  251  199  80  8.12257  4757.67  -1  -1  0  0  0  0  0  0  0  0  0  
44  0  395  292  0.998155  0  295  252  200  80  8.04115  5286.35  -1  -1  0  0  0  0  0  0  0  0  0  
45  0  376  292  0.995993  0  277  252  199  80  8.60394  5104.1  -1  -1  0  0  0  0  0  0  0  0  0  
46  0  359  292  0.99796  0  259  252  200  80  6.55499  4143.24  -1  -1  0  0  0  0  0  0  0  0  0  
47  0  336  293  1.00231  0  236  253  200  80  7.02682  4669.92  -1  -1  0  0  0  0  0  0  0  0  0  
48  0  323  294  0.972683  0  226  255  195  78  7.7123  5167.07  -1  -1  0  0  0  0  0  0  0  0  0  
49  0  312  298  1.00117  0  212  258  200  80  6.82893  5135.66  -1  -1  0  0  0  0  0  0  0  0  0  
50  0  306  298  0.995802  0  207  258  199  80  6.93506  5024.03  -1  -1  0  0  0  0  0  0  0  0  0  
50  1  85  356  0.617645  0  23  332  124  49  1.12366  756.044  -1  -1  0  0  0  0  0  0  0  0  0  
51  0  299  295  1.02614  0  197  254  205  82  7.26298  5327  -1  -1  0  0  0  0  0  0  0  0  0  
52  0  296  288  1.01294  0  195  248  203  81  5.72384  4375.92  -1  -1  0  0  0  0  0  0  0  0  0  
53  0  292  278  1.01511  0  191  238  203  81  6.20832  4455.85  -1  -1  0  0  0  0  0  0  0  0  0  
