0  0  557  242  0.97879  0  459  203  196  78  14.6521  5779.22  -1  -1  0  0  0  0  0  0  0  0  0  
0  1  45  255  1.27426  0  -82  204  255  102  1.86077  938.443  -1  -1  0  0  0  0  0  0  0  0  0  
0  2  253  246  0.79851  0  173  214  160  64  2.67715  785.541  -1  -1  0  0  0  0  0  0  0  0  0  
1  0  554  241  0.995854  0  455  201  199  80  14.2433  5175.26  -1  -1  0  0  0  0  0  0  0  0  0  
1  1  46  255  1.29823  0  -84  203  260  104  2.32401  972.692  -1  -1  0  0  0  0  0  0  0  0  0  
1  2  254  247  0.800549  0  174  215  160  64  2.63462  776.379  -1  -1  0  0  0  0  0  0  0  0  0  
2  0  550  242  0.986998  0  452  203  197  79  16.4938  6373.34  -1  -1  0  0  0  0  0  0  0  0  0  
2  1  46  260  1.34202  0  -88  207  268  107  2.03079  1129  -1  -1  0  0  0  0  0  0  0  0  0  
2  2  245  247  0.720971  0  173  218  144  58  3.61862  828.947  -1  -1  0  0  0  0  0  0  0  0  0  
3  0  545  240  0.991184  0  446  201  198  79  16.2691  6310.53  -1  -1  0  0  0  0  0  0  0  0  0  
3  1  245  245  0.799918  0  165  213  160  64  2.43054  913.894  -1  -1  0  0  0  0  0  0  0  0  0  
3  2  48  260  1.43087  0  -95  203  286  114  1.80916  885.977  -1  -1  0  0  0  0  0  0  0  0  0  
4  0  539  240  0.98953  0  440  201  198  79  15.7449  6338.16  -1  -1  0  0  0  0  0  0  0  0  0  
4  1  240  247  0.725162  0  168  218  145  58  3.85424  973.242  -1  -1  0  0  0  0  0  0  0  0  0  
4  2  65  265  1.30139  0  -65  213  260  104  2.04815  732.763  -1  -1  0  0  0  0  0  0  0  0  0  
5  0  537  238  0.992798  0  438  199  199  79  14.641  5913.37  -1  -1  0  0  0  0  0  0  0  0  0  
5  1  235  245  0.69265  0  166  218  139  55  3.22978  680.835  -1  -1  0  0  0  0  0  0  0  0  0  
6  0  530  237  0.989278  0  431  198  198  79  17.1121  7007.13  -1  -1  0  0  0  0  0  0  0  0  0  
6  1  84  266  1.07898  0  -24  223  216  86  1.46306  665.968  -1  -1  0  0  0  0  0  0  0  0  0  
7  0  527  237  0.985953  0  429  198  197  79  18.2647  7869.75  -1  -1  0  0  0  0  0  0  0  0  0  
7  1  234  243  0.696092  0  165  215  139  56  2.09388  653.362  -1  -1  0  0  0  0  0  0  0  0  0  
8  0  525  237  1.00043  0  425  197  200  80  19.8586  7511.55  -1  -1  0  0  0  0  0  0  0  0  0  
9  0  522  237  0.994604  0  423  197  199  80  17.7744  7584.91  -1  -1  0  0  0  0  0  0  0  0  0  
10  0  519  237  1.00633  0  419  197  201  81  17.8705  7496.08  -1  -1  0  0  0  0  0  0  0  0  0  
10  1  79  263  1.30954  0  -52  211  262  105  1.57106  907.418  -1  -1  0  0  0  0  0  0  0  0  0  
10  2  234  242  0.622347  0  172  217  124  50  2.40323  734.112  -1  -1  0  0  0  0  0  0  0  0  0  
11  0  516  237  0.999359  0  416  197  200  80  18.3733  7191.63  -1  -1  0  0  0  0  0  0  0  0  0  
11  1  85  265  1.3811  0  -53  210  276  110  1.37404  756.585  -1  -1  0  0  0  0  0  0  0  0  0  
11  2  244  246  0.793046  0  165  215  159  63  2.19951  719.295  -1  -1  0  0  0  0  0  0  0  0  0  
12  0  512  236  0.994177  0  413  196  199  80  18.3776  7177.85  -1  -1  0  0  0  0  0  0  0  0  0  
12  1  84  266  1.32317  0  -48  213  265  106  1.39619  850.835  -1  -1  0  0  0  0  0  0  0  0  0  
12  2  245  243  0.746452  0  171  213  149  60  2.73516  673.623  -1  -1  0  0  0  0  0  0  0  0  0  
13  0  508  236  1.00035  0  408  196  200  80  20.2126  6530.13  -1  -1  0  0  0  0  0  0  0  0  0  
14  0  505  235  0.982365  0  407  196  196  79  21.0475  7234.43  -1  -1  0  0  0  0  0  0  0  0  0  
14  1  246  242  0.78445  0  168  211  157  63  2.45902  680.023  -1  -1  0  0  0  0  0  0  0  0  0  
15  0  500  235  1.00045  0  400  195  200  80  20.4269  7524.5  -1  -1  0  0  0  0  0  0  0  0  0  
15  1  245  243  0.80099  0  165  211  160  64  2.59389  718.487  -1  -1  0  0  0  0  0  0  0  0  0  
16  0  497  232  1.02483  0  395  191  205  82  21.5781  7160.42  -1  -1  0  0  0  0  0  0  0  0  0  
16  1  243  238  0.699585  0  173  210  140  56  3.36367  681.389  -1  -1  0  0  0  0  0  0  0  0  0  
17  0  493  231  1.00513  0  393  191  201  80  20.9678  7750.88  -1  -1  0  0  0  0  0  0  0  0  0  
17  1  245  237  0.70054  0  175  209  140  56  2.75538  730.341  -1  -1  0  0  0  0  0  0  0  0  0  
18  0  491  230  1.00098  0  391  190  200  80  22.0777  8191.94  -1  -1  0  0  0  0  0  0  0  0  0  
18  1  254  235  0.894341  0  165  199  179  72  2.26332  915.236  -1  -1  0  0  0  0  0  0  0  0  0  
19  0  491  229  0.98979  0  392  190  198  79  21.0454  8690.89  -1  -1  0  0  0  0  0  0  0  0  0  
20  0  491  227  1.00786  0  390  187  202  81  22.626  8094.39  -1  -1  0  0  0  0  0  0  0  0  0  
20  1  223  234  0.699866  0  153  206  140  56  1.56563  873.859  -1  -1  0  0  0  0  0  0  0  0  0  
21  0  489  226  1.00802  0  388  186  202  81  21.4535  7865.21  -1  -1  0  0  0  0  0  0  0  0  0  
22  0  489  224  0.989703  0  390  185  198  79  21.9435  7825.34  -1  -1  0  0  0  0  0  0  0  0  0  
23  0  488  223  1.0163  0  387  183  203  81  20.8803  8464.13  -1  -1  0  0  0  0  0  0  0  0  0  
24  0  488  222  0.990062  0  389  183  198  79  23.3277  9582.41  -1  -1  0  0  0  0  0  0  0  0  0  
24  1  255  223  1.01859  0  153  183  204  81  1.74122  741.78  -1  -1  0  0  0  0  0  0  0  0  0  
25  0  488  221  0.98874  0  389  182  198  79  22.2916  9090.51  -1  -1  0  0  0  0  0  0  0  0  0  
25  1  278  226  0.766558  0  202  196  153  61  2.49319  691.347  -1  -1  0  0  0  0  0  0  0  0  0  
26  0  488  221  0.996187  0  389  181  199  80  21.3139  8230.77  -1  -1  0  0  0  0  0  0  0  0  0  
26  1  244  224  0.908935  0  153  188  182  73  1.71384  668.829  -1  -1  0  0  0  0  0  0  0  0  0  
27  0  489  220  0.993141  0  390  181  199  79  21.8507  8038.85  -1  -1  0  0  0  0  0  0  0  0  0  
27  1  291  226  0.794058  0  212  194  159  64  2.35344  663.981  -1  -1  0  0  0  0  0  0  0  0  0  
28  0  487  221  0.99188  0  388  182  198  79  21.3996  9024.35  -1  -1  0  0  0  0  0  0  0  0  0  
28  1  297  226  0.77332  0  220  195  155  62  2.7005  692.987  -1  -1  0  0  0  0  0  0  0  0  0  
29  0  487  223  0.977514  0  389  184  196  78  24.0999  8881.32  -1  -1  0  0  0  0  0  0  0  0  0  
30  0  488  224  0.987611  0  389  185  198  79  21.4339  8377.6  -1  -1  0  0  0  0  0  0  0  0  0  
31  0  490  226  1.00383  0  390  186  201  80  21.8929  8835.17  -1  -1  0  0  0  0  0  0  0  0  0  
31  1  314  231  0.797219  0  235  199  159  64  2.81074  850.486  -1  -1  0  0  0  0  0  0  0  0  0  
32  0  493  226  0.998196  0  393  186  200  80  19.6047  8442.44  -1  -1  0  0  0  0  0  0  0  0  0  
32  1  318  230  0.763541  0  242  200  153  61  3.0053  855.652  -1  -1  0  0  0  0  0  0  0  0  0  
33  0  492  226  1.00518  0  392  186  201  80  22.0797  8985.88  -1  -1  0  0  0  0  0  0  0  0  0  
33  1  324  228  0.690559  0  255  201  138  55  2.84022  704.004  -1  -1  0  0  0  0  0  0  0  0  0  
34  0  493  223  1.00621  0  393  183  201  80  22.6832  7813.52  -1  -1  0  0  0  0  0  0  0  0  0  
34  1  334  225  0.70007  0  264  197  140  56  2.7413  702.454  -1  -1  0  0  0  0  0  0  0  0  0  
35  0  492  222  1.00955  0  391  182  202  81  17.2326  6595.81  -1  -1  0  0  0  0  0  0  0  0  0  
35  1  344  224  0.803154  0  264  192  161  64  1.91976  671.13  -1  -1  0  0  0  0  0  0  0  0  0  
36  0  493  223  0.991356  0  394  184  198  79  19.0264  7298.09  -1  -1  0  0  0  0  0  0  0  0  0  
36  1  335  226  0.704427  0  265  198  141  56  2.30889  735.945  -1  -1  0  0  0  0  0  0  0  0  0  
