0  0  158  277  1.25547  0  33  227  251  100  2.6478  1612.4  -1  -1  0  0  0  0  0  0  0  0  0  
0  1  414  266  0.699454  0  344  238  140  56  2.42983  686.075  -1  -1  0  0  0  0  0  0  0  0  0  
1  0  164  276  1.24692  0  40  226  249  100  3.10577  1895.92  -1  -1  0  0  0  0  0  0  0  0  0  
1  1  414  266  0.702298  0  344  238  140  56  2.19471  669.029  -1  -1  0  0  0  0  0  0  0  0  0  
2  0  167  279  1.27012  0  40  228  254  102  2.44007  1721.91  -1  -1  0  0  0  0  0  0  0  0  0  
2  1  415  268  0.749231  0  340  238  150  60  3.09499  775.743  -1  -1  0  0  0  0  0  0  0  0  0  
3  0  174  280  1.19597  0  55  232  239  96  2.84532  1832.91  -1  -1  0  0  0  0  0  0  0  0  0  
3  1  414  268  0.696744  0  345  240  139  56  2.99409  860.7  -1  -1  0  0  0  0  0  0  0  0  0  
3  2  527  267  0.893155  0  438  232  179  71  1.21576  768.04  -1  -1  0  0  0  0  0  0  0  0  0  
4  0  174  282  1.19366  0  55  235  239  95  2.50449  1806.85  -1  -1  0  0  0  0  0  0  0  0  0  
4  1  415  269  0.808262  0  334  237  162  65  2.19221  739.744  -1  -1  0  0  0  0  0  0  0  0  0  
5  0  174  277  1.19291  0  55  230  239  95  2.53148  1549.42  -1  -1  0  0  0  0  0  0  0  0  0  
5  1  410  269  0.695752  0  341  241  139  56  2.92666  789.051  -1  -1  0  0  0  0  0  0  0  0  0  
6  0  172  286  1.37909  0  34  231  276  110  3.49257  2085.8  -1  -1  0  0  0  0  0  0  0  0  0  
6  1  404  272  0.702336  0  334  244  140  56  2.96934  838.078  -1  -1  0  0  0  0  0  0  0  0  0  
7  0  176  287  1.29874  0  46  235  260  104  4.01899  2808.26  -1  -1  0  0  0  0  0  0  0  0  0  
7  1  404  273  0.693343  0  335  246  139  55  2.79719  778.202  -1  -1  0  0  0  0  0  0  0  0  0  
7  2  561  266  0.546671  0  507  244  109  44  1.79787  702.541  -1  -1  0  0  0  0  0  0  0  0  0  
8  0  180  291  1.33316  0  47  238  267  107  4.11009  3121.36  -1  -1  0  0  0  0  0  0  0  0  0  
8  1  403  275  0.697412  0  334  247  139  56  3.56005  794.687  -1  -1  0  0  0  0  0  0  0  0  0  
9  0  187  292  1.34027  0  53  239  268  107  3.49002  3004.19  -1  -1  0  0  0  0  0  0  0  0  0  
9  1  411  276  0.821195  0  329  243  164  66  2.29857  814.935  -1  -1  0  0  0  0  0  0  0  0  0  
10  0  191  291  1.30246  0  61  239  260  104  4.56219  2938.37  -1  -1  0  0  0  0  0  0  0  0  0  
10  1  405  276  0.699294  0  335  248  140  56  2.65094  810.821  -1  -1  0  0  0  0  0  0  0  0  0  
10  2  94  266  0.893164  0  5  231  179  71  1.43994  747.765  -1  -1  0  0  0  0  0  0  0  0  0  
11  0  194  290  1.26355  0  68  240  253  101  4.22826  2524.08  -1  -1  0  0  0  0  0  0  0  0  0  
11  1  84  265  0.697105  0  15  237  139  56  2.769  769.73  -1  -1  0  0  0  0  0  0  0  0  0  
11  2  412  274  0.768097  0  335  244  154  61  2.7415  743.104  -1  -1  0  0  0  0  0  0  0  0  0  
12  0  199  292  1.27945  0  71  241  256  102  3.30721  2171.79  -1  -1  0  0  0  0  0  0  0  0  0  
12  1  414  274  0.707183  0  344  246  141  57  2.65696  727.384  -1  -1  0  0  0  0  0  0  0  0  0  
12  2  104  266  0.704575  0  34  238  141  56  1.89835  663.536  -1  -1  0  0  0  0  0  0  0  0  0  
13  0  205  286  1.28456  0  77  235  257  103  2.70867  1795.57  -1  -1  0  0  0  0  0  0  0  0  0  
13  1  414  273  0.700943  0  344  245  140  56  3.0216  808.834  -1  -1  0  0  0  0  0  0  0  0  0  
13  2  104  265  0.783965  0  26  234  157  63  1.73632  719.742  -1  -1  0  0  0  0  0  0  0  0  0  
14  0  213  285  1.28412  0  85  234  257  103  2.23162  1968.73  -1  -1  0  0  0  0  0  0  0  0  0  
14  1  421  269  0.744083  0  347  239  149  60  2.52495  734.226  -1  -1  0  0  0  0  0  0  0  0  0  
14  2  114  262  0.700904  0  44  234  140  56  1.95635  712.982  -1  -1  0  0  0  0  0  0  0  0  0  
15  0  214  286  1.28698  0  86  235  257  103  2.70136  1521.53  -1  -1  0  0  0  0  0  0  0  0  0  
15  1  423  266  0.702004  0  353  238  140  56  2.62329  722.466  -1  -1  0  0  0  0  0  0  0  0  0  
15  2  114  259  0.681702  0  46  232  136  55  1.83794  667.686  -1  -1  0  0  0  0  0  0  0  0  0  
16  0  220  284  1.26751  0  93  234  254  101  2.99502  1516.7  -1  -1  0  0  0  0  0  0  0  0  0  
16  1  424  263  0.703228  0  354  235  141  56  3.60343  844.91  -1  -1  0  0  0  0  0  0  0  0  0  
16  2  125  255  0.694895  0  56  227  139  56  2.15016  715.9  -1  -1  0  0  0  0  0  0  0  0  0  
17  0  225  277  1.24466  0  101  227  249  100  2.39926  1379.17  -1  -1  0  0  0  0  0  0  0  0  0  
17  1  95  245  0.916783  0  4  209  183  73  1.7493  1048.89  -1  -1  0  0  0  0  0  0  0  0  0  
17  2  424  260  0.697776  0  354  232  140  56  2.97376  726.305  -1  -1  0  0  0  0  0  0  0  0  0  
18  0  234  277  1.38616  0  96  222  277  111  1.4425  1174.04  -1  -1  0  0  0  0  0  0  0  0  0  
18  1  433  255  0.7048  0  363  227  141  56  2.67222  787.644  -1  -1  0  0  0  0  0  0  0  0  0  
18  2  84  236  1.15209  0  -31  190  230  92  1.62566  758.37  -1  -1  0  0  0  0  0  0  0  0  0  
19  0  246  273  1.29851  0  116  221  260  104  1.31172  1075.6  -1  -1  0  0  0  0  0  0  0  0  0  
19  1  442  251  0.77849  0  364  220  156  62  2.54297  711.486  -1  -1  0  0  0  0  0  0  0  0  0  
19  2  123  243  0.795481  0  44  211  159  64  1.70356  669.236  -1  -1  0  0  0  0  0  0  0  0  0  
20  0  451  250  0.739036  0  377  221  148  59  3.12159  795.193  -1  -1  0  0  0  0  0  0  0  0  0  
20  1  144  242  0.694524  0  75  214  139  56  2.20029  785.93  -1  -1  0  0  0  0  0  0  0  0  0  
20  2  215  406  1.20192  0  95  358  240  96  1.94663  661.93  -1  -1  0  0  0  0  0  0  0  0  0  
21  0  275  263  1.25433  0  150  213  251  100  1.61433  1052.15  -1  -1  0  0  0  0  0  0  0  0  0  
21  1  464  248  0.785498  0  386  217  157  63  3.00589  802.749  -1  -1  0  0  0  0  0  0  0  0  0  
21  2  133  236  0.697473  0  64  208  139  56  2.97866  733.102  -1  -1  0  0  0  0  0  0  0  0  0  
22  0  473  245  0.706695  0  403  217  141  57  3.06739  835.012  -1  -1  0  0  0  0  0  0  0  0  0  
22  1  155  235  0.797129  0  76  203  159  64  2.19699  720.836  -1  -1  0  0  0  0  0  0  0  0  0  
23  0  185  236  0.67247  0  118  209  134  54  2.43206  855.944  -1  -1  0  0  0  0  0  0  0  0  0  
23  1  482  242  0.636307  0  419  217  127  51  3.01462  656.421  -1  -1  0  0  0  0  0  0  0  0  0  
24  0  503  242  0.699685  0  433  214  140  56  3.04506  766.402  -1  -1  0  0  0  0  0  0  0  0  0  
24  1  84  234  0.694326  0  15  206  139  56  2.19094  696.771  -1  -1  0  0  0  0  0  0  0  0  0  
24  2  204  235  0.803025  0  124  203  161  64  1.78845  691.005  -1  -1  0  0  0  0  0  0  0  0  0  
25  0  514  241  0.699832  0  444  213  140  56  2.48675  801.13  -1  -1  0  0  0  0  0  0  0  0  0  
25  1  94  235  0.789248  0  15  204  158  63  1.62281  780.738  -1  -1  0  0  0  0  0  0  0  0  0  
26  0  531  240  0.792901  0  452  209  159  63  2.3501  774.67  -1  -1  0  0  0  0  0  0  0  0  0  
26  1  104  234  0.792028  0  25  203  158  63  1.73709  768.25  -1  -1  0  0  0  0  0  0  0  0  0  
26  2  224  235  0.702661  0  154  207  141  56  2.01858  713.71  -1  -1  0  0  0  0  0  0  0  0  0  
27  0  541  240  0.716195  0  470  212  143  57  3.11204  826.286  -1  -1  0  0  0  0  0  0  0  0  0  
27  1  105  234  0.892555  0  16  199  179  71  1.58816  820.75  -1  -1  0  0  0  0  0  0  0  0  0  
27  2  235  234  0.682486  0  167  207  136  55  1.99035  735.655  -1  -1  0  0  0  0  0  0  0  0  0  
28  0  134  235  0.694056  0  65  207  139  56  1.74151  682.801  -1  -1  0  0  0  0  0  0  0  0  0  
29  0  145  236  0.797431  0  66  204  159  64  1.93298  877.057  -1  -1  0  0  0  0  0  0  0  0  0  
29  1  265  235  0.685275  0  197  208  137  55  2.0672  729.76  -1  -1  0  0  0  0  0  0  0  0  0  
29  2  564  242  0.69365  0  495  215  139  55  2.88813  657.674  -1  -1  0  0  0  0  0  0  0  0  0  
30  0  274  234  0.701866  0  204  206  140  56  2.23244  787.984  -1  -1  0  0  0  0  0  0  0  0  0  
30  1  102  239  0.815611  0  21  207  163  65  1.45003  660.599  -1  -1  0  0  0  0  0  0  0  0  0  
31  0  165  231  0.785237  0  87  200  157  63  1.6003  816.897  -1  -1  0  0  0  0  0  0  0  0  0  
31  1  293  233  0.681185  0  225  206  136  54  2.2578  741.576  -1  -1  0  0  0  0  0  0  0  0  0  
32  0  184  226  0.784022  0  106  195  157  63  1.71021  879.042  -1  -1  0  0  0  0  0  0  0  0  0  
32  1  294  234  0.697398  0  225  206  139  56  1.967  726.648  -1  -1  0  0  0  0  0  0  0  0  0  
33  0  306  233  0.615989  0  245  209  123  49  1.58505  817.093  -1  -1  0  0  0  0  0  0  0  0  0  
33  1  204  233  0.703408  0  134  205  141  56  1.88787  726.18  -1  -1  0  0  0  0  0  0  0  0  0  
34  0  324  234  0.70453  0  254  206  141  56  2.48413  815.591  -1  -1  0  0  0  0  0  0  0  0  0  
35  0  224  226  0.786582  0  146  195  157  63  1.43219  901.299  -1  -1  0  0  0  0  0  0  0  0  0  
35  1  446  225  1.07174  0  339  182  214  86  1.32155  750.587  -1  -1  0  0  0  0  0  0  0  0  0  
36  0  234  227  0.712434  0  163  199  142  57  2.57927  752.024  -1  -1  0  0  0  0  0  0  0  0  0  
36  1  314  221  1.10333  0  204  177  221  88  1.63608  690.291  -1  -1  0  0  0  0  0  0  0  0  0  
37  0  254  226  0.701601  0  184  198  140  56  2.23414  842.144  -1  -1  0  0  0  0  0  0  0  0  0  
37  1  365  230  0.687916  0  296  203  138  55  1.78422  668.834  -1  -1  0  0  0  0  0  0  0  0  0  
38  0  324  235  1.20094  0  204  187  240  96  1.14359  710.988  -1  -1  0  0  0  0  0  0  0  0  0  
39  0  265  228  0.803841  0  185  196  161  64  1.68628  887.539  -1  -1  0  0  0  0  0  0  0  0  0  
39  1  501  274  1.24739  0  377  224  249  100  2.73546  778.677  -1  -1  0  0  0  0  0  0  0  0  0  
39  2  335  225  1.11173  0  224  181  222  89  1.50765  705.61  -1  -1  0  0  0  0  0  0  0  0  0  
40  0  515  243  0.696932  0  446  215  139  56  1.58302  873.419  -1  -1  0  0  0  0  0  0  0  0  0  
40  1  382  243  0.991148  0  283  204  198  79  1.50438  793.931  -1  -1  0  0  0  0  0  0  0  0  0  
41  0  274  235  0.795305  0  195  203  159  64  1.87753  936.67  -1  -1  0  0  0  0  0  0  0  0  0  
42  0  265  235  0.797271  0  186  203  159  64  1.78411  941.536  -1  -1  0  0  0  0  0  0  0  0  0  
42  1  485  244  0.701145  0  415  216  140  56  1.41038  693.534  -1  -1  0  0  0  0  0  0  0  0  0  
42  2  204  241  0.901933  0  114  205  180  72  1.19032  668.581  -1  -1  0  0  0  0  0  0  0  0  0  
43  0  244  236  0.78385  0  166  205  157  63  1.81127  677.069  -1  -1  0  0  0  0  0  0  0  0  0  
44  0  244  235  0.796927  0  165  203  159  64  1.85083  1017.87  -1  -1  0  0  0  0  0  0  0  0  0  
45  0  245  228  0.911327  0  154  192  182  73  1.63416  685.964  -1  -1  0  0  0  0  0  0  0  0  0  
47  0  364  284  1.49878  0  214  224  300  120  1.72364  653.645  -1  -1  0  0  0  0  0  0  0  0  0  
48  0  379  242  1.04286  0  275  201  209  83  1.26954  818.044  -1  -1  0  0  0  0  0  0  0  0  0  
48  1  217  320  1.06948  0  110  277  214  86  1.50429  666.107  -1  -1  0  0  0  0  0  0  0  0  0  
49  0  367  248  1.32045  0  235  195  264  106  1.1614  865.611  -1  -1  0  0  0  0  0  0  0  0  0  
49  1  475  240  0.509984  0  424  220  102  41  1.78838  743.595  -1  -1  0  0  0  0  0  0  0  0  0  
50  0  485  234  0.489659  0  436  215  98  39  2.81476  773.403  -1  -1  0  0  0  0  0  0  0  0  0  
51  0  345  258  1.26401  0  219  208  253  101  1.33397  851.379  -1  -1  0  0  0  0  0  0  0  0  0  
51  1  193  322  1.23216  0  70  273  246  99  1.80235  779.906  -1  -1  0  0  0  0  0  0  0  0  0  
51  2  490  232  0.502712  0  440  212  101  40  2.52602  728.278  -1  -1  0  0  0  0  0  0  0  0  0  
52  0  326  293  1.52752  0  173  232  306  122  1.9662  1926.4  -1  -1  0  0  0  0  0  0  0  0  0  
52  1  525  225  0.545832  0  471  203  109  44  1.81836  726.847  -1  -1  0  0  0  0  0  0  0  0  0  
52  2  393  226  0.695655  0  324  198  139  56  1.93655  717.622  -1  -1  0  0  0  0  0  0  0  0  0  
53  0  265  296  1.51128  0  114  236  302  121  1.19875  1228.08  -1  -1  0  0  0  0  0  0  0  0  0  
53  1  543  214  0.506052  0  493  194  101  40  1.386  713.911  -1  -1  0  0  0  0  0  0  0  0  0  
