0  0  169  273  1.02249  0  67  232  204  82  2.80622  1430.45  -1  -1  0  0  0  0  0  0  0  0  0  
1  0  177  276  1.05363  0  72  234  211  84  2.555  1252.08  -1  -1  0  0  0  0  0  0  0  0  0  
2  0  180  277  1.01184  0  79  237  202  81  3.28355  1422.85  -1  -1  0  0  0  0  0  0  0  0  0  
3  0  184  279  1.02231  0  82  238  204  82  2.66291  1315.08  -1  -1  0  0  0  0  0  0  0  0  0  
4  0  185  281  1.00013  0  85  241  200  80  2.77003  1604.78  -1  -1  0  0  0  0  0  0  0  0  0  
5  0  187  280  1.02663  0  85  239  205  82  2.85521  1422.9  -1  -1  0  0  0  0  0  0  0  0  0  
6  0  188  283  1.03006  0  85  242  206  82  3.00318  1441.13  -1  -1  0  0  0  0  0  0  0  0  0  
7  0  191  284  1.00561  0  91  244  201  80  4.09144  1788.76  -1  -1  0  0  0  0  0  0  0  0  0  
8  0  193  288  1.01137  0  92  248  202  81  3.8384  1846.69  -1  -1  0  0  0  0  0  0  0  0  0  
9  0  199  289  1.04017  0  95  248  208  83  4.1456  1680.9  -1  -1  0  0  0  0  0  0  0  0  0  
10  0  204  290  1.02205  0  102  249  204  82  3.57586  1595.61  -1  -1  0  0  0  0  0  0  0  0  0  
11  0  209  290  0.970321  0  112  251  194  78  3.46393  1705.87  -1  -1  0  0  0  0  0  0  0  0  0  
12  0  214  291  0.957082  0  119  253  191  77  4.48191  1772.12  -1  -1  0  0  0  0  0  0  0  0  0  
13  0  223  291  0.934865  0  130  254  187  75  4.4524  1882.38  -1  -1  0  0  0  0  0  0  0  0  0  
14  0  226  286  0.987425  0  128  247  197  79  4.08604  2174.64  -1  -1  0  0  0  0  0  0  0  0  0  
15  0  234  287  0.977305  0  137  248  195  78  4.42622  2130.16  -1  -1  0  0  0  0  0  0  0  0  0  
16  0  240  282  1.00037  0  140  242  200  80  4.16498  2223.92  -1  -1  0  0  0  0  0  0  0  0  0  
17  0  246  282  0.933647  0  153  245  187  75  4.52164  2028.08  -1  -1  0  0  0  0  0  0  0  0  0  
18  0  255  276  0.987995  0  156  237  198  79  4.8769  2308.69  -1  -1  0  0  0  0  0  0  0  0  0  
19  0  263  274  0.989606  0  164  235  198  79  4.44066  2310.82  -1  -1  0  0  0  0  0  0  0  0  0  
20  0  275  272  0.983779  0  177  233  197  79  4.79702  2481.85  -1  -1  0  0  0  0  0  0  0  0  0  
21  0  289  271  0.985856  0  191  232  197  79  4.26936  2355.51  -1  -1  0  0  0  0  0  0  0  0  0  
22  0  304  268  0.99887  0  204  228  200  80  3.65814  2180.31  -1  -1  0  0  0  0  0  0  0  0  0  
23  0  316  268  0.992616  0  217  229  199  79  4.06433  2179.83  -1  -1  0  0  0  0  0  0  0  0  0  
24  0  332  267  1.01135  0  231  227  202  81  3.2064  1817.95  -1  -1  0  0  0  0  0  0  0  0  0  
25  0  344  265  0.990092  0  245  226  198  79  3.71727  1824.21  -1  -1  0  0  0  0  0  0  0  0  0  
26  0  357  264  0.996792  0  258  224  199  80  4.18695  1852.02  -1  -1  0  0  0  0  0  0  0  0  0  
27  0  367  265  0.997279  0  268  225  199  80  3.42597  1811.14  -1  -1  0  0  0  0  0  0  0  0  0  
28  0  378  268  0.995188  0  279  228  199  80  4.25471  1722.73  -1  -1  0  0  0  0  0  0  0  0  0  
29  0  385  272  1.07424  0  278  229  215  86  3.23094  1705.66  -1  -1  0  0  0  0  0  0  0  0  0  
30  0  392  270  1.18692  0  274  223  237  95  1.9515  1806.85  -1  -1  0  0  0  0  0  0  0  0  0  
31  0  391  269  1.22741  0  269  220  245  98  2.64164  1650.26  -1  -1  0  0  0  0  0  0  0  0  0  
32  0  414  273  1.05102  0  309  231  210  84  3.12995  1848.33  -1  -1  0  0  0  0  0  0  0  0  0  
33  0  418  268  1.06502  0  312  226  213  85  3.28323  1483.59  -1  -1  0  0  0  0  0  0  0  0  0  
34  0  427  274  1.0554  0  322  232  211  84  2.91875  1606.89  -1  -1  0  0  0  0  0  0  0  0  0  
35  0  437  274  1.02475  0  335  233  205  82  2.47455  1804.78  -1  -1  0  0  0  0  0  0  0  0  0  
36  0  455  268  1.25799  0  329  218  252  101  3.17904  1850.21  -1  -1  0  0  0  0  0  0  0  0  0  
37  0  434  282  1.04562  0  330  240  209  84  1.88991  2034.11  -1  -1  0  0  0  0  0  0  0  0  0  
38  0  443  286  0.99844  0  343  246  200  80  1.97758  1787.19  -1  -1  0  0  0  0  0  0  0  0  0  
39  0  444  286  0.995673  0  345  246  199  80  2.57705  1861.41  -1  -1  0  0  0  0  0  0  0  0  0  
39  1  444  283  1.48189  0  296  224  296  119  1.50789  744.944  -1  -1  0  0  0  0  0  0  0  0  0  
40  0  435  293  1.0585  0  329  251  212  85  3.39084  2141.68  -1  -1  0  0  0  0  0  0  0  0  0  
41  0  465  289  1.30671  0  335  237  261  105  3.6511  1573.93  -1  -1  0  0  0  0  0  0  0  0  0  
42  0  454  290  1.30396  0  324  238  261  104  2.68833  1363.58  -1  -1  0  0  0  0  0  0  0  0  0  
43  0  386  299  1.15749  0  271  253  231  93  1.9127  937.686  -1  -1  0  0  0  0  0  0  0  0  0  
44  0  349  300  1.27893  0  221  249  256  102  1.73133  895.517  -1  -1  0  0  0  0  0  0  0  0  0  
45  0  343  299  1.20012  0  223  251  240  96  1.65723  914.18  -1  -1  0  0  0  0  0  0  0  0  0  
51  0  253  301  1.25856  0  127  251  252  101  1.58197  888.381  -1  -1  0  0  0  0  0  0  0  0  0  
