23  0  54  283  1.26744  0  -72  233  253  101  3.07578  733.409  -1  -1  0  0  0  0  0  0  0  0  0  
25  0  68  284  1.2576  0  -58  234  252  101  2.24949  703.558  -1  -1  0  0  0  0  0  0  0  0  0  
27  0  117  275  1.26209  0  -9  225  252  101  2.91042  663.226  -1  -1  0  0  0  0  0  0  0  0  0  
34  0  194  274  1.21887  0  72  225  244  98  2.40632  796.552  -1  -1  0  0  0  0  0  0  0  0  0  
36  0  233  268  1.25312  0  108  218  251  100  2.38597  725.763  -1  -1  0  0  0  0  0  0  0  0  0  
37  0  36  256  1.06051  0  -70  214  212  85  5.2107  1071.31  -1  -1  0  0  0  0  0  0  0  0  0  
37  1  248  268  1.26265  0  122  218  253  101  2.57642  666.518  -1  -1  0  0  0  0  0  0  0  0  0  
38  0  45  261  1.03753  0  -59  220  208  83  5.74297  1264.63  -1  -1  0  0  0  0  0  0  0  0  0  
38  1  254  273  1.21259  0  133  225  243  97  2.02454  670.922  -1  -1  0  0  0  0  0  0  0  0  0  
39  0  56  261  1.02849  0  -47  220  206  82  4.57279  1202.73  -1  -1  0  0  0  0  0  0  0  0  0  
39  1  239  273  1.24615  0  115  223  249  100  1.76445  678.676  -1  -1  0  0  0  0  0  0  0  0  0  
40  0  65  264  1.01673  0  -36  224  203  81  6.44013  1655.22  -1  -1  0  0  0  0  0  0  0  0  0  
41  0  64  264  1.02751  0  -39  223  206  82  8.1287  2126.76  -1  -1  0  0  0  0  0  0  0  0  0  
42  0  55  264  1.00295  0  -45  224  201  80  8.94991  1952.75  -1  -1  0  0  0  0  0  0  0  0  0  
43  0  44  265  1.02232  0  -58  224  204  82  9.93729  2271.96  -1  -1  0  0  0  0  0  0  0  0  0  
44  0  35  266  1.00105  0  -65  226  200  80  12.2481  2827.06  -1  -1  0  0  0  0  0  0  0  0  0  
44  1  224  283  1.21573  0  103  235  243  97  1.99858  766.326  -1  -1  0  0  0  0  0  0  0  0  0  
45  0  31  264  1.00481  0  -69  224  201  80  15.6796  3529.09  -1  -1  0  0  0  0  0  0  0  0  0  
46  0  27  264  0.998869  0  -73  224  200  80  15.2737  3535.63  -1  -1  0  0  0  0  0  0  0  0  0  
47  0  25  263  1.00139  0  -75  223  200  80  13.4689  3274.56  -1  -1  0  0  0  0  0  0  0  0  0  
48  0  26  263  1.00011  0  -74  223  200  80  9.69836  2600.73  -1  -1  0  0  0  0  0  0  0  0  0  
49  0  31  266  1.0172  0  -70  226  203  81  11.9544  3257.24  -1  -1  0  0  0  0  0  0  0  0  0  
50  0  44  266  1.00659  0  -56  226  201  81  11.3815  2536.37  -1  -1  0  0  0  0  0  0  0  0  0  
51  0  57  268  1.01499  0  -44  228  203  81  9.23141  2458.44  -1  -1  0  0  0  0  0  0  0  0  0  
52  0  78  261  1.00457  0  -22  221  201  80  5.94288  1591.56  -1  -1  0  0  0  0  0  0  0  0  0  
53  0  95  253  1.00967  0  -6  213  202  81  4.5363  1051.69  -1  -1  0  0  0  0  0  0  0  0  0  
