42  0  68  257  1.02256  0  17  237  102  41  3.80679  573.131  -1  -1  0  0  0  0  0  0  0  0  0  
43  0  68  257  1.02256  0  17  237  102  41  3.80679  573.131  -1  -1  0  0  0  0  0  0  0  0  0  
44  0  68  257  1.02256  0  17  237  102  41  3.80679  573.131  -1  -1  0  0  0  0  0  0  0  0  0  
45  0  35  266  1.0014  0  -15  246  100  40  10.6611  1075.21  -1  -1  0  0  0  0  0  0  0  0  0  
46  0  30  263  1.0038  0  -20  243  100  40  12.5216  1322.04  -1  -1  0  0  0  0  0  0  0  0  0  
47  0  27  264  0.995336  0  -23  244  100  40  11.8022  1259.49  -1  -1  0  0  0  0  0  0  0  0  0  
48  0  26  262  1.00341  0  -24  242  100  40  10.3098  1131.63  -1  -1  0  0  0  0  0  0  0  0  0  
49  0  26  262  0.999184  0  -24  242  100  40  7.90251  830.42  -1  -1  0  0  0  0  0  0  0  0  0  
50  0  31  266  1.01599  0  -20  246  102  41  10.9932  992.73  -1  -1  0  0  0  0  0  0  0  0  0  
51  0  44  267  1.01822  0  -7  247  102  41  10.1233  1011.51  -1  -1  0  0  0  0  0  0  0  0  0  
52  0  57  269  1.01648  0  6  249  102  41  8.38857  1043.9  -1  -1  0  0  0  0  0  0  0  0  0  
53  0  57  269  1.01648  0  6  249  102  41  8.38857  1043.9  -1  -1  0  0  0  0  0  0  0  0  0  
54  0  57  269  1.01648  0  6  249  102  41  8.38857  1043.9  -1  -1  0  0  0  0  0  0  0  0  0  
