0  0  72  260  1.05456  0  30  155  84  211  2.82964  983.711  -1  -1  0  0  0  0  0  0  0  0  0  
1  0  73  261  0.991248  0  34  162  79  198  3.47844  1120.03  -1  -1  0  0  0  0  0  0  0  0  0  
2  0  76  261  1.04334  0  35  157  83  209  4.19244  1196.13  -1  -1  0  0  0  0  0  0  0  0  0  
3  0  78  262  1.00814  0  38  161  81  202  4.95441  1333.47  -1  -1  0  0  0  0  0  0  0  0  0  
4  0  81  262  1.02553  0  40  160  82  205  4.68666  1219.15  -1  -1  0  0  0  0  0  0  0  0  0  
5  0  83  262  0.995761  0  43  163  80  199  5.5841  1402.92  -1  -1  0  0  0  0  0  0  0  0  0  
6  0  84  260  1.00911  0  44  159  81  202  4.84722  1407.52  -1  -1  0  0  0  0  0  0  0  0  0  
7  0  87  260  1.03842  0  46  156  83  208  5.57345  1484.22  -1  -1  0  0  0  0  0  0  0  0  0  
8  0  84  264  0.902191  0  48  174  72  180  4.28375  1486.4  -1  -1  0  0  0  0  0  0  0  0  0  
9  0  94  263  0.996886  0  54  164  80  199  4.92422  1425.74  -1  -1  0  0  0  0  0  0  0  0  0  
10  0  97  264  0.999848  0  57  164  80  200  4.96787  1571.48  -1  -1  0  0  0  0  0  0  0  0  0  
11  0  101  264  0.999195  0  61  164  80  200  5.32853  1500.63  -1  -1  0  0  0  0  0  0  0  0  0  
12  0  104  264  0.994331  0  64  165  80  199  3.93985  1421.86  -1  -1  0  0  0  0  0  0  0  0  0  
13  0  94  269  0.813512  0  62  188  65  163  2.22318  1145.7  -1  -1  0  0  0  0  0  0  0  0  0  
14  0  107  261  1.06477  0  65  155  85  213  3.22478  1096.25  -1  -1  0  0  0  0  0  0  0  0  0  
15  0  107  264  1.01209  0  67  163  81  202  2.85608  1102.33  -1  -1  0  0  0  0  0  0  0  0  0  
16  0  114  264  0.897417  0  78  175  72  179  2.24439  943.437  -1  -1  0  0  0  0  0  0  0  0  0  
17  0  115  265  0.898972  0  79  175  72  180  2.46483  969.288  -1  -1  0  0  0  0  0  0  0  0  0  
18  0  114  266  0.896323  0  78  177  72  179  2.3741  1202.41  -1  -1  0  0  0  0  0  0  0  0  0  
19  0  116  265  1.0026  0  76  165  80  201  2.55264  1262.83  -1  -1  0  0  0  0  0  0  0  0  0  
20  0  119  266  0.989599  0  80  167  79  198  2.96633  1353.5  -1  -1  0  0  0  0  0  0  0  0  0  
21  0  125  261  0.905215  0  89  171  72  181  2.35414  1016.24  -1  -1  0  0  0  0  0  0  0  0  0  
22  0  126  263  0.941162  0  89  169  75  188  3.3216  1078.31  -1  -1  0  0  0  0  0  0  0  0  0  
23  0  126  263  0.994491  0  86  164  80  199  2.24172  1179.67  -1  -1  0  0  0  0  0  0  0  0  0  
24  0  136  262  0.898459  0  100  172  72  180  2.83136  1084.01  -1  -1  0  0  0  0  0  0  0  0  0  
25  0  133  264  1.03334  0  92  161  83  207  2.62416  1413.47  -1  -1  0  0  0  0  0  0  0  0  0  
26  0  147  262  0.795942  0  115  183  64  159  4.05974  1422.47  -1  -1  0  0  0  0  0  0  0  0  0  
27  0  137  263  1.0003  0  97  163  80  200  3.79275  1296  -1  -1  0  0  0  0  0  0  0  0  0  
28  0  137  264  1.01852  0  97  162  81  204  2.99205  1146  -1  -1  0  0  0  0  0  0  0  0  0  
29  0  136  266  0.998354  0  96  166  80  200  2.70025  1264.06  -1  -1  0  0  0  0  0  0  0  0  0  
30  0  139  272  0.985272  0  100  174  79  197  2.21391  1124.79  -1  -1  0  0  0  0  0  0  0  0  0  
31  0  138  272  1.03959  0  97  168  83  208  2.70484  1215.69  -1  -1  0  0  0  0  0  0  0  0  0  
32  0  140  275  1.01716  0  100  174  81  203  2.46615  1121.98  -1  -1  0  0  0  0  0  0  0  0  0  
33  0  137  275  1.03227  0  96  172  83  206  2.20946  1006.33  -1  -1  0  0  0  0  0  0  0  0  0  
34  0  134  272  1.01663  0  94  171  81  203  2.47286  962.847  -1  -1  0  0  0  0  0  0  0  0  0  
