1  0  173  274  0.995381  0  133  175  80  199  17.7592  3905.66  -1  -1  0  0  0  0  0  0  0  0  0  
2  0  179  275  0.996143  0  139  176  80  199  17.493  3969.36  -1  -1  0  0  0  0  0  0  0  0  0  
3  0  183  277  0.979127  0  144  179  78  196  18.1149  3785.17  -1  -1  0  0  0  0  0  0  0  0  0  
4  0  187  278  0.979467  0  148  180  78  196  19.5332  4033.94  -1  -1  0  0  0  0  0  0  0  0  0  
5  0  188  281  0.987236  0  149  183  79  197  19.2737  4509.01  -1  -1  0  0  0  0  0  0  0  0  0  
6  0  192  280  1.00831  0  152  179  81  202  18.9265  4303.63  -1  -1  0  0  0  0  0  0  0  0  0  
7  0  189  282  0.979123  0  150  184  78  196  21.5059  5031.35  -1  -1  0  0  0  0  0  0  0  0  0  
8  0  194  284  0.984701  0  155  186  79  197  21.8611  5305.72  -1  -1  0  0  0  0  0  0  0  0  0  
9  0  196  288  0.990752  0  157  189  79  198  23.5054  6145.48  -1  -1  0  0  0  0  0  0  0  0  0  
10  0  201  289  1.0043  0  161  189  80  201  24.5803  6521.07  -1  -1  0  0  0  0  0  0  0  0  0  
11  0  207  289  0.993035  0  168  190  79  199  23.3988  6130.32  -1  -1  0  0  0  0  0  0  0  0  0  
12  0  213  289  0.993864  0  173  190  80  199  21.5679  6109.64  -1  -1  0  0  0  0  0  0  0  0  0  
13  0  218  289  0.979628  0  179  191  78  196  23.7053  5867.27  -1  -1  0  0  0  0  0  0  0  0  0  
14  0  224  287  0.969376  0  185  190  78  194  21.2333  5475.04  -1  -1  0  0  0  0  0  0  0  0  0  
15  0  230  285  1.00202  0  190  185  80  200  22.0061  6359.81  -1  -1  0  0  0  0  0  0  0  0  0  
16  0  235  283  0.981191  0  196  185  78  196  25.4218  5825.86  -1  -1  0  0  0  0  0  0  0  0  0  
17  0  241  280  0.978258  0  202  182  78  196  20.1898  5489.31  -1  -1  0  0  0  0  0  0  0  0  0  
18  0  246  278  1.01434  0  206  177  81  203  18.1003  5497.44  -1  -1  0  0  0  0  0  0  0  0  0  
19  0  254  274  0.99664  0  214  175  80  199  18.957  5725.18  -1  -1  0  0  0  0  0  0  0  0  0  
20  0  262  272  0.99226  0  223  173  79  198  17.8616  5036.75  -1  -1  0  0  0  0  0  0  0  0  0  
21  0  274  270  1.02985  0  233  167  82  206  18.7956  5080.35  -1  -1  0  0  0  0  0  0  0  0  0  
22  0  288  269  1.00597  0  248  169  80  201  17.7794  5153.75  -1  -1  0  0  0  0  0  0  0  0  0  
23  0  302  268  1.00611  0  262  168  80  201  17.1968  4837.51  -1  -1  0  0  0  0  0  0  0  0  0  
24  0  315  267  0.969278  0  276  170  78  194  17.9789  4953.17  -1  -1  0  0  0  0  0  0  0  0  0  
25  0  330  266  0.976061  0  291  169  78  195  15.8777  4182.56  -1  -1  0  0  0  0  0  0  0  0  0  
26  0  342  266  1.00116  0  302  166  80  200  15.1986  4506.45  -1  -1  0  0  0  0  0  0  0  0  0  
27  0  354  266  1.01134  0  314  165  81  202  15.5471  4505.88  -1  -1  0  0  0  0  0  0  0  0  0  
28  0  366  267  1.01075  0  326  166  81  202  13.2643  4384.61  -1  -1  0  0  0  0  0  0  0  0  0  
29  0  377  269  0.989299  0  338  170  79  198  12.2879  4009.53  -1  -1  0  0  0  0  0  0  0  0  0  
30  0  387  272  0.999402  0  347  172  80  200  11.4858  3813.8  -1  -1  0  0  0  0  0  0  0  0  0  
31  0  398  271  1.00563  0  358  171  80  201  11.6099  4469.98  -1  -1  0  0  0  0  0  0  0  0  0  
32  0  404  271  1.00967  0  364  170  81  202  12.1194  3751.99  -1  -1  0  0  0  0  0  0  0  0  0  
33  0  415  273  0.997155  0  375  174  80  199  11.7889  3459.64  -1  -1  0  0  0  0  0  0  0  0  0  
34  0  424  276  0.988367  0  385  177  79  198  13.4072  4121.1  -1  -1  0  0  0  0  0  0  0  0  0  
35  0  433  277  0.999605  0  393  177  80  200  16.5575  4823.88  -1  -1  0  0  0  0  0  0  0  0  0  
36  0  444  275  0.979727  0  405  177  78  196  16.0787  4768.89  -1  -1  0  0  0  0  0  0  0  0  0  
37  0  455  274  0.990478  0  416  175  79  198  16.2362  5267.45  -1  -1  0  0  0  0  0  0  0  0  0  
38  0  461  278  0.997983  0  421  178  80  200  16.9068  5276.65  -1  -1  0  0  0  0  0  0  0  0  0  
39  0  469  281  0.990731  0  430  182  79  198  18.2506  5959.28  -1  -1  0  0  0  0  0  0  0  0  0  
39  1  457  283  1.17328  0  410  166  94  235  7.029  437.036  -1  -1  0  0  0  0  0  0  0  0  0  
40  0  469  283  1.00293  0  429  183  80  201  20.113  6037.22  -1  -1  0  0  0  0  0  0  0  0  0  
41  0  466  285  1.0007  0  426  185  80  200  20.9653  7147.06  -1  -1  0  0  0  0  0  0  0  0  0  
42  0  457  287  0.992932  0  418  188  79  199  20.2292  6711.15  -1  -1  0  0  0  0  0  0  0  0  0  
43  0  440  288  0.981549  0  401  190  79  196  19.3773  7173.95  -1  -1  0  0  0  0  0  0  0  0  0  
44  0  416  291  0.991075  0  377  192  79  198  19.3207  5023.83  -1  -1  0  0  0  0  0  0  0  0  0  
45  0  395  293  0.99611  0  355  194  80  199  19.402  5225.42  -1  -1  0  0  0  0  0  0  0  0  0  
46  0  377  291  0.984472  0  338  193  79  197  20.4745  4879.5  -1  -1  0  0  0  0  0  0  0  0  0  
47  0  359  292  0.979857  0  320  194  78  196  17.7611  4155.33  -1  -1  0  0  0  0  0  0  0  0  0  
48  0  339  292  0.990451  0  300  193  79  198  19.0127  4532.64  -1  -1  0  0  0  0  0  0  0  0  0  
49  0  323  294  0.975242  0  284  197  78  195  17.6142  3690.03  -1  -1  0  0  0  0  0  0  0  0  0  
50  0  310  298  1.01012  0  270  197  81  202  18.7011  4270.22  -1  -1  0  0  0  0  0  0  0  0  0  
51  0  306  298  0.992318  0  267  199  79  198  17.8415  4133.27  -1  -1  0  0  0  0  0  0  0  0  0  
52  0  301  294  1.00046  0  261  194  80  200  16.2022  3633.05  -1  -1  0  0  0  0  0  0  0  0  0  
53  0  297  288  1.00918  0  257  187  81  202  14.0409  3437.3  -1  -1  0  0  0  0  0  0  0  0  0  
54  0  292  278  1.01252  0  252  177  81  203  12.0208  3205.84  -1  -1  0  0  0  0  0  0  0  0  0  
