0  0  65  262  0.977044  0  16  243  98  39  4.63131  1370.12  -1  -1  0  0  0  0  0  0  0  0  0  
1  0  70  263  0.986601  0  21  244  99  39  5.18439  1635.81  -1  -1  0  0  0  0  0  0  0  0  0  
2  0  72  264  0.982984  0  23  245  98  39  5.20184  1638.12  -1  -1  0  0  0  0  0  0  0  0  0  
3  0  73  263  1.00253  0  23  243  100  40  5.71696  1731.31  -1  -1  0  0  0  0  0  0  0  0  0  
4  0  74  263  1.01471  0  24  243  101  41  4.63402  1616.89  -1  -1  0  0  0  0  0  0  0  0  0  
5  0  76  262  1.01007  0  26  242  101  40  4.94112  1709.36  -1  -1  0  0  0  0  0  0  0  0  0  
6  0  77  261  1.01025  0  27  241  101  40  5.45952  1643.15  -1  -1  0  0  0  0  0  0  0  0  0  
7  0  83  263  0.997635  0  33  243  100  40  5.63149  1857.09  -1  -1  0  0  0  0  0  0  0  0  0  
8  0  87  263  1.01444  0  37  243  101  41  5.63032  1805.67  -1  -1  0  0  0  0  0  0  0  0  0  
9  0  96  264  0.998855  0  46  244  100  40  5.3382  1596.26  -1  -1  0  0  0  0  0  0  0  0  0  
10  0  100  265  0.98482  0  51  246  98  39  5.16633  1543.39  -1  -1  0  0  0  0  0  0  0  0  0  
11  0  102  265  0.983202  0  53  246  98  39  5.93541  1652.38  -1  -1  0  0  0  0  0  0  0  0  0  
12  0  105  266  0.993155  0  56  246  99  40  5.59971  1704.44  -1  -1  0  0  0  0  0  0  0  0  0  
13  0  106  266  0.986846  0  57  247  99  39  5.84761  1413.36  -1  -1  0  0  0  0  0  0  0  0  0  
14  0  107  266  0.985914  0  58  247  99  39  5.14431  1325.72  -1  -1  0  0  0  0  0  0  0  0  0  
15  0  108  267  0.998762  0  58  247  100  40  5.70776  1296.71  -1  -1  0  0  0  0  0  0  0  0  0  
16  0  112  265  0.994288  0  63  245  99  40  5.02538  1074.37  -1  -1  0  0  0  0  0  0  0  0  0  
17  0  112  265  0.987553  0  63  245  99  40  5.09676  1085.65  -1  -1  0  0  0  0  0  0  0  0  0  
18  0  115  265  0.980668  0  66  246  98  39  5.81458  1137.55  -1  -1  0  0  0  0  0  0  0  0  0  
19  0  119  265  1.00067  0  69  245  100  40  5.6172  1199.96  -1  -1  0  0  0  0  0  0  0  0  0  
20  0  123  264  0.997896  0  73  244  100  40  6.24549  1251.86  -1  -1  0  0  0  0  0  0  0  0  0  
21  0  124  264  0.978462  0  75  245  98  39  5.50465  1085.36  -1  -1  0  0  0  0  0  0  0  0  0  
22  0  129  263  0.983383  0  80  244  98  39  7.17314  1321.02  -1  -1  0  0  0  0  0  0  0  0  0  
23  0  130  263  0.993115  0  81  243  99  40  6.0017  1198.45  -1  -1  0  0  0  0  0  0  0  0  0  
24  0  130  264  0.996308  0  80  244  100  40  5.31622  1172.92  -1  -1  0  0  0  0  0  0  0  0  0  
25  0  133  263  0.986404  0  84  244  99  39  5.44266  1125.65  -1  -1  0  0  0  0  0  0  0  0  0  
26  0  134  265  0.999592  0  84  245  100  40  6.19745  1202.37  -1  -1  0  0  0  0  0  0  0  0  0  
27  0  136  264  0.989789  0  87  244  99  40  6.61865  1326.98  -1  -1  0  0  0  0  0  0  0  0  0  
28  0  134  266  0.997928  0  84  246  100  40  5.99525  1230.46  -1  -1  0  0  0  0  0  0  0  0  0  
29  0  132  270  1.03298  0  81  250  103  41  6.13645  1120.12  -1  -1  0  0  0  0  0  0  0  0  0  
30  0  131  272  1.03039  0  80  252  103  41  5.0814  1186.17  -1  -1  0  0  0  0  0  0  0  0  0  
31  0  125  275  0.969135  0  77  256  97  39  5.68409  1158.95  -1  -1  0  0  0  0  0  0  0  0  0  
32  0  114  279  0.995952  0  64  259  100  40  6.90438  1137.82  -1  -1  0  0  0  0  0  0  0  0  0  
33  0  118  277  0.98412  0  69  258  98  39  7.44941  1233.75  -1  -1  0  0  0  0  0  0  0  0  0  
34  0  115  277  1.00003  0  65  257  100  40  7.29637  1248.56  -1  -1  0  0  0  0  0  0  0  0  0  
35  0  110  277  1.00862  0  60  257  101  40  7.60142  1286.69  -1  -1  0  0  0  0  0  0  0  0  0  
36  0  100  278  1.04023  0  48  257  104  42  6.47159  1125.74  -1  -1  0  0  0  0  0  0  0  0  0  
