0  0  172  273  0.980231  0  123  254  98  39  6.73904  1946.74  -1  -1  0  0  0  0  0  0  0  0  0  
1  0  178  275  0.971405  0  130  256  97  39  6.69523  2009.67  -1  -1  0  0  0  0  0  0  0  0  0  
2  0  183  277  0.973024  0  135  258  97  39  7.42453  2115.63  -1  -1  0  0  0  0  0  0  0  0  0  
3  0  187  278  0.990385  0  138  258  99  40  7.80532  2348.51  -1  -1  0  0  0  0  0  0  0  0  0  
4  0  188  281  1.01025  0  138  261  101  40  8.32533  2645.12  -1  -1  0  0  0  0  0  0  0  0  0  
5  0  192  280  0.981202  0  143  261  98  39  7.09742  1996.3  -1  -1  0  0  0  0  0  0  0  0  0  
6  0  189  282  0.97415  0  141  263  97  39  9.14051  2709.78  -1  -1  0  0  0  0  0  0  0  0  0  
7  0  194  284  0.985505  0  145  265  99  39  9.59021  2611.47  -1  -1  0  0  0  0  0  0  0  0  0  
8  0  196  287  1.00283  0  146  267  100  40  9.41737  2728.62  -1  -1  0  0  0  0  0  0  0  0  0  
9  0  201  288  1.0052  0  151  268  101  40  9.84802  2924.6  -1  -1  0  0  0  0  0  0  0  0  0  
10  0  208  288  1.01368  0  158  268  101  41  10.9703  3086.41  -1  -1  0  0  0  0  0  0  0  0  0  
11  0  213  288  1.00125  0  163  268  100  40  9.02937  2452.48  -1  -1  0  0  0  0  0  0  0  0  0  
12  0  218  289  0.984925  0  169  270  98  39  9.26446  2545.17  -1  -1  0  0  0  0  0  0  0  0  0  
13  0  224  287  0.991137  0  175  267  99  40  7.50741  2119.85  -1  -1  0  0  0  0  0  0  0  0  0  
14  0  230  285  0.988138  0  181  265  99  40  8.00808  2180.51  -1  -1  0  0  0  0  0  0  0  0  0  
15  0  236  283  0.988128  0  187  263  99  40  8.34107  2079.79  -1  -1  0  0  0  0  0  0  0  0  0  
16  0  241  280  0.978541  0  192  261  98  39  7.39923  1775.85  -1  -1  0  0  0  0  0  0  0  0  0  
17  0  246  278  1.0099  0  196  258  101  40  7.27542  1915.1  -1  -1  0  0  0  0  0  0  0  0  0  
18  0  254  274  1.01576  0  203  254  102  41  6.99148  1526.63  -1  -1  0  0  0  0  0  0  0  0  0  
19  0  262  272  0.996192  0  212  252  100  40  7.01761  1508.71  -1  -1  0  0  0  0  0  0  0  0  0  
20  0  274  270  1.00272  0  224  250  100  40  6.45981  1448.28  -1  -1  0  0  0  0  0  0  0  0  0  
21  0  287  270  0.996584  0  237  250  100  40  6.93623  1472.06  -1  -1  0  0  0  0  0  0  0  0  0  
22  0  302  268  0.99194  0  253  248  99  40  7.46595  1594.43  -1  -1  0  0  0  0  0  0  0  0  0  
23  0  316  267  0.988369  0  267  247  99  40  7.22012  1424.32  -1  -1  0  0  0  0  0  0  0  0  0  
24  0  331  266  0.980639  0  282  247  98  39  6.96535  1337.77  -1  -1  0  0  0  0  0  0  0  0  0  
25  0  343  266  1.00086  0  293  246  100  40  6.22439  1403.86  -1  -1  0  0  0  0  0  0  0  0  0  
26  0  355  266  1.00856  0  305  246  101  40  7.70556  1773.6  -1  -1  0  0  0  0  0  0  0  0  0  
27  0  368  266  0.991781  0  319  246  99  40  5.83186  1356.22  -1  -1  0  0  0  0  0  0  0  0  0  
28  0  377  269  0.988772  0  328  249  99  40  6.16086  1523.17  -1  -1  0  0  0  0  0  0  0  0  0  
29  0  386  272  0.997782  0  336  252  100  40  6.21758  1396.21  -1  -1  0  0  0  0  0  0  0  0  0  
30  0  399  271  1.01476  0  349  251  101  41  5.4292  1395.46  -1  -1  0  0  0  0  0  0  0  0  0  
31  0  406  271  0.999928  0  356  251  100  40  6.26486  1537.47  -1  -1  0  0  0  0  0  0  0  0  0  
32  0  415  273  0.999844  0  365  253  100  40  5.93566  1469.06  -1  -1  0  0  0  0  0  0  0  0  0  
33  0  424  276  0.991465  0  375  256  99  40  5.35585  1412.88  -1  -1  0  0  0  0  0  0  0  0  0  
34  0  433  276  0.993974  0  384  256  99  40  6.7849  1526.19  -1  -1  0  0  0  0  0  0  0  0  0  
35  0  443  275  0.990623  0  394  255  99  40  5.65991  1403.91  -1  -1  0  0  0  0  0  0  0  0  0  
36  0  455  274  0.992418  0  406  254  99  40  5.54291  1472.97  -1  -1  0  0  0  0  0  0  0  0  0  
37  0  463  277  0.976437  0  414  258  98  39  5.453  1385.89  -1  -1  0  0  0  0  0  0  0  0  0  
38  0  468  281  0.9908  0  419  261  99  40  7.77241  1751.5  -1  -1  0  0  0  0  0  0  0  0  0  
39  0  470  282  0.987386  0  421  263  99  39  7.52703  1813.64  -1  -1  0  0  0  0  0  0  0  0  0  
40  0  467  285  1.01347  0  417  265  101  41  8.04419  1911.1  -1  -1  0  0  0  0  0  0  0  0  0  
41  0  455  287  1.00048  0  405  267  100  40  8.37502  1894.62  -1  -1  0  0  0  0  0  0  0  0  0  
42  0  437  288  1.0153  0  386  268  102  41  6.5807  1576.29  -1  -1  0  0  0  0  0  0  0  0  0  
43  0  415  291  0.995108  0  365  271  100  40  7.96944  1703.77  -1  -1  0  0  0  0  0  0  0  0  0  
44  0  395  292  0.998112  0  345  272  100  40  7.83289  1661.65  -1  -1  0  0  0  0  0  0  0  0  0  
45  0  376  291  0.993525  0  327  271  99  40  8.42289  1608.16  -1  -1  0  0  0  0  0  0  0  0  0  
46  0  359  292  0.998656  0  309  272  100  40  6.38039  1339.11  -1  -1  0  0  0  0  0  0  0  0  0  
47  0  336  293  1.00233  0  286  273  100  40  6.83514  1380.5  -1  -1  0  0  0  0  0  0  0  0  0  
48  0  323  294  0.973042  0  275  275  97  39  7.54285  1061.88  -1  -1  0  0  0  0  0  0  0  0  0  
49  0  311  298  1.00348  0  261  278  100  40  6.64264  1259  -1  -1  0  0  0  0  0  0  0  0  0  
50  0  306  298  0.997863  0  256  278  100  40  6.73827  1258.73  -1  -1  0  0  0  0  0  0  0  0  0  
51  0  300  295  1.02665  0  249  275  103  41  7.10627  1353.67  -1  -1  0  0  0  0  0  0  0  0  0  
52  0  296  288  1.01144  0  246  268  101  40  5.60153  1100.09  -1  -1  0  0  0  0  0  0  0  0  0  
53  0  292  278  1.01467  0  242  258  101  41  6.07553  907.436  -1  -1  0  0  0  0  0  0  0  0  0  
