0  0  65  262  0.973509  0  -32  223  195  78  4.78152  3116.94  -1  -1  0  0  0  0  0  0  0  0  0  
1  0  70  262  0.986206  0  -28  223  197  79  5.39119  3371.21  -1  -1  0  0  0  0  0  0  0  0  0  
2  0  72  264  0.980298  0  -26  225  196  78  5.51737  3696.11  -1  -1  0  0  0  0  0  0  0  0  0  
3  0  74  263  1.00207  0  -26  223  200  80  5.93892  3846.51  -1  -1  0  0  0  0  0  0  0  0  0  
4  0  74  263  1.01394  0  -27  223  203  81  4.85432  3375.13  -1  -1  0  0  0  0  0  0  0  0  0  
5  0  76  262  1.01043  0  -25  222  202  81  5.14331  3351.25  -1  -1  0  0  0  0  0  0  0  0  0  
6  0  77  261  1.01194  0  -24  221  202  81  5.69136  3322.9  -1  -1  0  0  0  0  0  0  0  0  0  
7  0  83  263  0.997055  0  -16  223  199  80  5.90493  3662.04  -1  -1  0  0  0  0  0  0  0  0  0  
8  0  86  263  1.01618  0  -15  223  203  81  5.79999  3451.28  -1  -1  0  0  0  0  0  0  0  0  0  
9  0  90  264  1.00301  0  -10  224  201  80  5.7605  4126.11  -1  -1  0  0  0  0  0  0  0  0  0  
10  0  100  265  0.983335  0  2  226  197  79  5.56268  3215.83  -1  -1  0  0  0  0  0  0  0  0  0  
11  0  102  265  0.985007  0  4  226  197  79  6.23559  3790.25  -1  -1  0  0  0  0  0  0  0  0  0  
12  0  105  265  0.991713  0  6  226  198  79  6.11296  3841.24  -1  -1  0  0  0  0  0  0  0  0  0  
13  0  106  266  0.987898  0  7  227  198  79  6.23753  3785.64  -1  -1  0  0  0  0  0  0  0  0  0  
14  0  108  266  0.989466  0  9  227  198  79  5.81937  3458.37  -1  -1  0  0  0  0  0  0  0  0  0  
15  0  108  267  0.998441  0  8  227  200  80  6.40594  3749.62  -1  -1  0  0  0  0  0  0  0  0  0  
16  0  112  265  0.995197  0  13  225  199  80  5.71582  3226.05  -1  -1  0  0  0  0  0  0  0  0  0  
17  0  112  264  0.987321  0  14  225  197  79  5.85391  3330.91  -1  -1  0  0  0  0  0  0  0  0  0  
18  0  115  265  0.979122  0  17  226  196  78  6.59689  3302.89  -1  -1  0  0  0  0  0  0  0  0  0  
19  0  119  265  0.998577  0  19  225  200  80  6.60438  3504.21  -1  -1  0  0  0  0  0  0  0  0  0  
20  0  123  264  1.00174  0  23  224  200  80  6.83289  3119.4  -1  -1  0  0  0  0  0  0  0  0  0  
21  0  124  264  0.979212  0  26  225  196  78  6.25098  2905.67  -1  -1  0  0  0  0  0  0  0  0  0  
22  0  129  263  0.98528  0  31  224  197  79  7.96279  3302.07  -1  -1  0  0  0  0  0  0  0  0  0  
23  0  130  262  0.992624  0  31  223  199  79  6.87406  3145.21  -1  -1  0  0  0  0  0  0  0  0  0  
24  0  132  263  0.989653  0  33  224  198  79  6.00917  2870.35  -1  -1  0  0  0  0  0  0  0  0  0  
25  0  133  263  0.991904  0  34  224  198  79  5.91287  2754.36  -1  -1  0  0  0  0  0  0  0  0  0  
26  0  132  266  1.00918  0  31  226  202  81  6.7574  2854.88  -1  -1  0  0  0  0  0  0  0  0  0  
27  0  135  265  1.00209  0  35  225  200  80  7.02247  3209.53  -1  -1  0  0  0  0  0  0  0  0  0  
28  0  134  266  0.978771  0  36  227  196  78  6.48844  3208.72  -1  -1  0  0  0  0  0  0  0  0  0  
29  0  131  270  1.02774  0  28  229  206  82  6.72236  3121.63  -1  -1  0  0  0  0  0  0  0  0  0  
29  1  494  227  0.902867  0  404  191  181  72  1.18048  917.408  -1  -1  0  0  0  0  0  0  0  0  0  
30  0  112  274  0.981597  0  14  235  196  79  5.96261  3365.86  -1  -1  0  0  0  0  0  0  0  0  0  
30  1  493  226  0.906303  0  403  190  181  73  1.34859  873.84  -1  -1  0  0  0  0  0  0  0  0  0  
31  0  114  277  0.996224  0  15  237  199  80  7.34688  3905.92  -1  -1  0  0  0  0  0  0  0  0  0  
31  1  494  231  0.909992  0  403  195  182  73  1.31221  872.832  -1  -1  0  0  0  0  0  0  0  0  0  
32  0  114  278  0.993844  0  15  238  199  80  7.18877  4031.07  -1  -1  0  0  0  0  0  0  0  0  0  
32  1  484  226  0.805935  0  404  194  161  64  1.15596  823.831  -1  -1  0  0  0  0  0  0  0  0  0  
33  0  118  277  0.983782  0  20  238  197  79  7.93548  4160.75  -1  -1  0  0  0  0  0  0  0  0  0  
33  1  485  225  0.909038  0  394  189  182  73  1.39344  924.424  -1  -1  0  0  0  0  0  0  0  0  0  
34  0  115  277  0.999776  0  15  237  200  80  7.7768  4470.53  -1  -1  0  0  0  0  0  0  0  0  0  
34  1  493  225  0.980276  0  395  186  196  78  1.94538  1225.56  -1  -1  0  0  0  0  0  0  0  0  0  
35  0  108  277  1.01743  0  7  237  203  81  7.95677  4729.45  -1  -1  0  0  0  0  0  0  0  0  0  
35  1  493  223  0.997495  0  394  183  199  80  1.42256  1132.98  -1  -1  0  0  0  0  0  0  0  0  0  
36  0  104  277  1.03095  0  1  236  206  82  6.85196  3994.53  -1  -1  0  0  0  0  0  0  0  0  0  
36  1  494  224  1.00322  0  394  184  201  80  1.3464  1182.71  -1  -1  0  0  0  0  0  0  0  0  0  
