0  0  65  262  0.980164  0  -33  223  196  78  11.4244  3907.23  -1  -1  0  0  0  0  0  0  0  0  0  
1  0  69  263  0.992289  0  -30  224  198  79  12.9015  4461.08  -1  -1  0  0  0  0  0  0  0  0  0  
2  0  72  264  0.99547  0  -27  224  199  80  13.8474  4869.31  -1  -1  0  0  0  0  0  0  0  0  0  
3  0  72  264  0.985864  0  -26  225  197  79  13.4636  5076.14  -1  -1  0  0  0  0  0  0  0  0  0  
4  0  74  264  1.00104  0  -26  224  200  80  14.2962  5438.05  -1  -1  0  0  0  0  0  0  0  0  0  
5  0  77  262  1.0167  0  -24  222  203  81  12.9434  4681.21  -1  -1  0  0  0  0  0  0  0  0  0  
6  0  78  261  1.02359  0  -24  220  205  82  12.8282  4685.56  -1  -1  0  0  0  0  0  0  0  0  0  
7  0  83  263  0.997322  0  -16  223  199  80  16.0958  5254.25  -1  -1  0  0  0  0  0  0  0  0  0  
8  0  87  263  1.00305  0  -13  223  201  80  13.2044  4866.67  -1  -1  0  0  0  0  0  0  0  0  0  
9  0  92  264  0.999238  0  -8  224  200  80  12.6272  5292.14  -1  -1  0  0  0  0  0  0  0  0  0  
10  0  97  265  0.985616  0  -1  226  197  79  12.9994  4725.91  -1  -1  0  0  0  0  0  0  0  0  0  
11  0  101  266  0.970359  0  4  227  194  78  12.9308  4773.1  -1  -1  0  0  0  0  0  0  0  0  0  
12  0  104  266  0.968743  0  7  228  194  77  12.0049  4708.78  -1  -1  0  0  0  0  0  0  0  0  0  
13  0  105  266  0.995105  0  6  226  199  80  12.7219  5110.27  -1  -1  0  0  0  0  0  0  0  0  0  
14  0  108  266  0.996913  0  9  226  199  80  12.0254  4320.38  -1  -1  0  0  0  0  0  0  0  0  0  
15  0  108  267  1.00912  0  7  227  202  81  12.8175  4764.06  -1  -1  0  0  0  0  0  0  0  0  0  
16  0  112  265  0.999108  0  12  225  200  80  12.457  5029.81  -1  -1  0  0  0  0  0  0  0  0  0  
17  0  113  265  0.99365  0  14  226  199  79  11.9122  4239.97  -1  -1  0  0  0  0  0  0  0  0  0  
18  0  115  266  0.961114  0  19  228  192  77  12.1093  4429.69  -1  -1  0  0  0  0  0  0  0  0  0  
19  0  120  265  0.965884  0  24  227  193  77  11.4488  4198.1  -1  -1  0  0  0  0  0  0  0  0  0  
20  0  123  264  1.00116  0  23  224  200  80  10.8053  4353.22  -1  -1  0  0  0  0  0  0  0  0  0  
21  0  124  264  0.988897  0  25  225  198  79  10.3854  4345.64  -1  -1  0  0  0  0  0  0  0  0  0  
22  0  127  263  0.981415  0  29  224  196  79  11.4431  4670.89  -1  -1  0  0  0  0  0  0  0  0  0  
23  0  128  263  0.988487  0  29  224  198  79  12.2727  4570.4  -1  -1  0  0  0  0  0  0  0  0  0  
24  0  132  263  0.973067  0  35  224  195  78  14.0995  4959.54  -1  -1  0  0  0  0  0  0  0  0  0  
25  0  133  263  0.992282  0  34  224  198  79  12.5975  4783.28  -1  -1  0  0  0  0  0  0  0  0  0  
26  0  132  265  1.01305  0  31  225  203  81  13.1934  4966.74  -1  -1  0  0  0  0  0  0  0  0  0  
27  0  134  265  1.02765  0  31  224  206  82  12.6358  5055.31  -1  -1  0  0  0  0  0  0  0  0  0  
28  0  132  266  1.01677  0  31  226  203  81  13.2619  5136.3  -1  -1  0  0  0  0  0  0  0  0  0  
29  0  129  269  0.995411  0  30  229  199  80  13.5578  5350.53  -1  -1  0  0  0  0  0  0  0  0  0  
30  0  113  274  0.996489  0  14  234  199  80  14.2459  5734.52  -1  -1  0  0  0  0  0  0  0  0  0  
31  0  113  277  0.996582  0  14  237  199  80  18.5233  7390.9  -1  -1  0  0  0  0  0  0  0  0  0  
32  0  115  278  0.98869  0  16  239  198  79  19.3793  7476.75  -1  -1  0  0  0  0  0  0  0  0  0  
33  0  115  278  0.989457  0  16  239  198  79  18.1166  7402.07  -1  -1  0  0  0  0  0  0  0  0  0  
34  0  114  277  1.00039  0  14  237  200  80  17.8663  6898.53  -1  -1  0  0  0  0  0  0  0  0  0  
35  0  108  277  1.0253  0  6  236  205  82  18.3996  6853.49  -1  -1  0  0  0  0  0  0  0  0  0  
36  0  99  278  1.05927  0  -7  236  212  85  17.6531  5736.74  -1  -1  0  0  0  0  0  0  0  0  0  
