0  0  557  242  0.979395  0  518  144  78  196  14.4186  4441.38  -1  -1  0  0  0  0  0  0  0  0  0  
1  0  555  241  0.997209  0  515  142  80  199  14.0322  3988.85  -1  -1  0  0  0  0  0  0  0  0  0  
2  0  550  242  0.985569  0  511  144  79  197  16.2915  4687.3  -1  -1  0  0  0  0  0  0  0  0  0  
3  0  545  240  0.992527  0  506  141  79  199  16.0574  4823.44  -1  -1  0  0  0  0  0  0  0  0  0  
4  0  539  240  0.989471  0  500  141  79  198  15.6379  4602.93  -1  -1  0  0  0  0  0  0  0  0  0  
5  0  537  238  0.993228  0  498  139  79  199  14.4935  4225.85  -1  -1  0  0  0  0  0  0  0  0  0  
6  0  530  237  0.990229  0  491  138  79  198  16.7495  5116.34  -1  -1  0  0  0  0  0  0  0  0  0  
7  0  527  237  0.985982  0  488  139  79  197  18.0464  5705.97  -1  -1  0  0  0  0  0  0  0  0  0  
8  0  525  237  1.00317  0  485  137  80  201  19.624  5610.83  -1  -1  0  0  0  0  0  0  0  0  0  
9  0  522  237  0.992393  0  483  138  79  198  17.3223  5792.4  -1  -1  0  0  0  0  0  0  0  0  0  
10  0  519  237  1.00954  0  479  136  81  202  16.9282  5714.85  -1  -1  0  0  0  0  0  0  0  0  0  
11  0  516  237  0.999341  0  476  137  80  200  17.9856  5542.13  -1  -1  0  0  0  0  0  0  0  0  0  
12  0  513  236  0.993738  0  474  137  79  199  17.7384  5247.02  -1  -1  0  0  0  0  0  0  0  0  0  
13  0  508  236  1.00024  0  468  136  80  200  19.8416  4681.18  -1  -1  0  0  0  0  0  0  0  0  0  
14  0  505  235  0.979313  0  466  137  78  196  20.6329  5283.7  -1  -1  0  0  0  0  0  0  0  0  0  
15  0  500  235  0.999607  0  460  135  80  200  20.0377  5580.88  -1  -1  0  0  0  0  0  0  0  0  0  
16  0  497  232  1.01544  0  457  131  81  203  20.8714  5421.33  -1  -1  0  0  0  0  0  0  0  0  0  
17  0  493  231  1.01256  0  453  130  81  203  20.405  5871.47  -1  -1  0  0  0  0  0  0  0  0  0  
18  0  491  231  1.00088  0  451  131  80  200  21.6661  6137.22  -1  -1  0  0  0  0  0  0  0  0  0  
19  0  491  229  0.988418  0  452  130  79  198  20.6359  5943.08  -1  -1  0  0  0  0  0  0  0  0  0  
20  0  491  227  1.00626  0  451  127  81  201  22.087  5729.27  -1  -1  0  0  0  0  0  0  0  0  0  
21  0  489  226  1.01325  0  449  125  81  203  20.7779  5582.62  -1  -1  0  0  0  0  0  0  0  0  0  
22  0  489  224  0.98358  0  450  126  79  197  21.3987  5487.44  -1  -1  0  0  0  0  0  0  0  0  0  
23  0  488  223  1.00989  0  448  122  81  202  20.2459  6066.65  -1  -1  0  0  0  0  0  0  0  0  0  
24  0  488  222  0.989806  0  449  123  79  198  22.6546  6830.25  -1  -1  0  0  0  0  0  0  0  0  0  
25  0  488  221  0.987937  0  449  122  79  198  21.6813  6164.66  -1  -1  0  0  0  0  0  0  0  0  0  
26  0  488  221  0.993599  0  449  122  79  199  20.9375  5470.14  -1  -1  0  0  0  0  0  0  0  0  0  
27  0  489  220  1.00795  0  449  119  81  202  21.4097  5535.1  -1  -1  0  0  0  0  0  0  0  0  0  
28  0  487  221  0.991993  0  448  122  79  198  21.1269  6315.55  -1  -1  0  0  0  0  0  0  0  0  0  
29  0  487  223  0.976746  0  448  126  78  195  23.7514  6059.17  -1  -1  0  0  0  0  0  0  0  0  0  
30  0  488  224  0.98754  0  449  125  79  198  21.091  5664.89  -1  -1  0  0  0  0  0  0  0  0  0  
31  0  490  226  1.01077  0  450  125  81  202  21.4835  6357.96  -1  -1  0  0  0  0  0  0  0  0  0  
32  0  493  226  0.998272  0  453  126  80  200  19.2236  6541.56  -1  -1  0  0  0  0  0  0  0  0  0  
33  0  492  226  1.00593  0  452  126  80  201  21.7421  6645.19  -1  -1  0  0  0  0  0  0  0  0  0  
34  0  493  223  1.00412  0  453  123  80  201  21.9567  6030.15  -1  -1  0  0  0  0  0  0  0  0  0  
35  0  492  222  0.998233  0  452  122  80  200  16.5809  4898.62  -1  -1  0  0  0  0  0  0  0  0  0  
36  0  493  223  0.990825  0  454  124  79  198  18.6036  5507.99  -1  -1  0  0  0  0  0  0  0  0  0  
